PD:	0.9581749049429658	0.8479087452471483	0.4866920152091255	0.12547528517110265	0.026615969581749048	0.0038022813688212928	0.0	0.0	0.0	0.0	0.0	
FA:	2.167603679906542e-05	1.83248074255257e-05	5.989431220794392e-06	2.8521101051401867e-07	0.0	0.0	0.0	0.0	0.0	0.0	0.0	PD:	0.9657794676806084	0.8250950570342205	0.4524714828897338	0.10646387832699619	0.011406844106463879	0.0	0.0	0.0	0.0	0.0	0.0	
FA:	1.67561468676986e-05	1.083801839953271e-05	4.563376168224299e-06	7.130275262850467e-08	0.0	0.0	0.0	0.0	0.0	0.0	0.0	PD:	0.9581749049429658	0.8479087452471483	0.4866920152091255	0.12547528517110265	0.026615969581749048	0.0038022813688212928	0.0	0.0	0.0	0.0	0.0	
FA:	2.167603679906542e-05	1.83248074255257e-05	5.989431220794392e-06	2.8521101051401867e-07	0.0	0.0	0.0	0.0	0.0	0.0	0.0	PD:	0.9657794676806084	0.8250950570342205	0.4524714828897338	0.10646387832699619	0.011406844106463879	0.0	0.0	0.0	0.0	0.0	0.0	
FA:	1.67561468676986e-05	1.083801839953271e-05	4.563376168224299e-06	7.130275262850467e-08	0.0	0.0	0.0	0.0	0.0	0.0	0.0	PD:	0.9581749049429658	0.8479087452471483	0.4866920152091255	0.12547528517110265	0.026615969581749048	0.0038022813688212928	0.0	0.0	0.0	0.0	0.0	
FA:	2.167603679906542e-05	1.83248074255257e-05	5.989431220794392e-06	2.8521101051401867e-07	0.0	0.0	0.0	0.0	0.0	0.0	0.0	