PD:	0.9467680608365019	0.8212927756653993	0.46387832699619774	0.09885931558935361	0.022813688212927757	0.0	0.0	0.0	0.0	0.0	0.0	
FA:	2.2246458820093457e-05	8.984146831191588e-06	6.488550489193925e-06	7.130275262850467e-08	0.0	0.0	0.0	0.0	0.0	0.0	0.0	PD:	0.973384030418251	0.8517110266159695	0.5133079847908745	0.12927756653992395	0.034220532319391636	0.0076045627376425855	0.0	0.0	0.0	0.0	0.0	
FA:	1.3904036762558412e-05	1.6257027599299064e-05	7.914605541764019e-06	7.130275262850467e-08	0.0	0.0	0.0	0.0	0.0	0.0	0.0	PD:	0.9581749049429658	0.8479087452471483	0.4866920152091255	0.12547528517110265	0.026615969581749048	0.0038022813688212928	0.0	0.0	0.0	0.0	0.0	
FA:	2.167603679906542e-05	1.83248074255257e-05	5.989431220794392e-06	2.8521101051401867e-07	0.0	0.0	0.0	0.0	0.0	0.0	0.0	