PD:	0.9292929292929293	0.8215488215488216	0.24915824915824916	0.020202020202020204	0.0	0.0	0.0	0.0	0.0	0.0	0.0	
FA:	6.733604924595771e-05	2.7481003187189055e-05	3.795718672263682e-07	0.0	0.0	0.0	0.0	0.0	0.0	0.0	0.0	PD:	0.8945578231292517	0.6462585034013606	0.14285714285714285	0.0	0.0	0.0	0.0	0.0	0.0	0.0	0.0	
FA:	8.502409825870647e-06	2.9606605643656717e-06	7.591437344527363e-08	0.0	0.0	0.0	0.0	0.0	0.0	0.0	0.0	